
114
106
158
122
106
106
139
109
104
155
156
128
105
106
106
105
154
110
188
113
224
149
141
187
106
111
105
137
121
104
104
106
181
107
107
198
104
108
163
105
200
104
106
108
175
103
110
140
104
104
194
103
105
214
174
106
149
106
105
113
105
140
105
105
105
187
179
135
107
118
139
106
130
155
154
106
105
107
135
106
133
106
157
114
106
104
104
105
112
106
105
192
106
105
104
121
119
125
105
164
107
104
110
146
248
104
192
106
193
105
110
137
106
174
105
188
153
104
120
186
107
223
174
104
150
118
175
111
104
106
130
125
105
133
106
108
159
106
115
105
104
106
134
106
105
105
108
124
106
103
169
104
104
104
141
106
105
141
111
159
137
216
206
123
212
104
203
190
134
106
159
104
105
112
186
106
112
105
221
105
111
104
146
106
105
107
105
106
151
160
102
108
123
104
112
104
105
147
105
165
165
106
218
109
105
106
105
173
105
105
107
187
104
135
105
107
118
108
183
185
116
154
124
134
106
103
105
107
104
204
104
105
125
108
106
121
104
110
106
106
106
170
187
188
104
113
105
139
182
103
111
105
185
105
155
165
164
110
106
118
155
119
105
204
106
208
137
106
167
105
105
174
110
105
105
104
104
179
108
170
105
111
103
127
119
104
112
133
105
155
99
112
161
160
106
215
104
108
106
105
108
104
193
105
105
110
132
105
111
116
105
104
111
151
105
143
110
106
105
153
104
105
104
117
104
137
104
105
104
175
136
200
145
138
110
196
153
104
104
104
192
120
105
105
115
155
105
114
109
104
106
104
107
106
108
111
104
113
105
108
182
107
178
141
185
104
105
122
105
105
161
204
107
114
107
138
106
105
105
106
183
158
104
155
135
104
108
108
161
104
211
107
105
109
109
156
105
105
103
112
119
104
119
104
168
116
132
163
137
106
103
216
103
111
211
126
166
105
117
188
105
144
104
164
131
137
163
107
104
105
111
113
104
104
107
105
179
105
130
103
104
111
105
220
106
203
105
105