
211
210
210
201
210
209
209
201
206
200
201
210
201
200
202
200
201
202
199
201
200
200
200
200
200
200
210
199
200
200
201
200
200
200
201
197
200
201
201
200
210
201
201
210
210
201
205
201
201
200
208
200
210
199
199
200
210
209
201
210
209
209
209
209
200
200
204
205
200
200
200
200
199
208
201
199
201
200
200
210
201
200
211
200
200
200
200
200
200
200
200
201
201
206
210
200
201
200
202
200
211
200
211
200
210
200
201
200
200
200
200
200
200
200
199
201
202
199
202
200
201
210
200
200
200
201
210
210
200
201
200
198
210
210
210
200
200
199
210
199
200
200
201
201
200
200
201
211
199
202
201
202
210
210
211
199
201
200
200
201
200
201
201
201
198
211
199
199
200
200
211
200
200
199
200
201
200
209
201
201
202
211
200
197
200
200
200
209
200
211
201
199
209
211
210
200
209
201
201
201
200
199
201
201
201
200
210
210
210
210
200
200
200
200
200
200
200
200
200
199
200
200
200
200
201
210
209
203
200
201
199
200
200
200
200
210
201
210
200
201
199
201
200
200
215
210
201
201
201
201
201
201
200
201
200
202
201
210
201
209
210
201
202
201
210
201
200
200
196
210
200
208
200
200
200
200
204
209
210
202
199
211
203
210
200
201
200
201
200
205
201
201
202
201
201
207
200
201
210
210
200
200
201
201
210
198
200
201
210
211
200
201
210
199
201
200
210
210
200
200
201
200
201
200
200
201
200
211
200
200
200
200
199
200
200
200
200
201
202
199
209
212
210
199
201
199
201
199
209
210
201
199
201
201
200
200
201
200
201
201
200
200
209
201
201
201
200
210
206
201
200
200
201
200
200
195
200
200
210
200
207
200
200
200
209
209
201
211
202
201
199
195
210
211
201
210
200
200
200
210
201
201
200
199
210
200
211
210
201
200
210
210
210
200
200
200
200
201
201
211
201
211
202
201
200
212
201
199
201
200
200
200
200
200
212
200
199
200
200
201
200
199
210
210
200
200