
493
469
355
525
499
391
417
258
529
406
501
502
421
476
105
113
104
106
106
112
106
221
106
105
105
105
103
184
103
129
164
104
105
137
120
105
105
104
167
124
190
105
111
193
111
194
104
173
107
149
106
137
135
171
148
107
105
104
106
165
192
105
106
104
125
119
120
145
138
151
174
177
156
131
132
105
107
104
105
106
109
126
110
156
242
216
176
106
103
104
105
104
107
104
107
110
105
138
169
106
136
107
107
104
148
106
104
123
117
137
126
114
145
130
105
106
104
106
104
108
111
236
121
105
105
106
105
112
104
130
105
141
158
105
127
103
105
105
104
165
107
159
104
108
117
112
109
118
106
221
129
105
136
107
119
106
107
107
106
105
106
111
200
143
186
108
105
139
105
141
105
104
179
105
201
105
117
111
123
133
142
117
106
105
105
212
134
105
155
153
104
105
106
104
106
214
156
184
141
159
221
107
142
207
104
126
184
105
175
107
161
120
104
105
111
108
106
125
110
111
119
133
157
109
108
108
112
122
105
105
104
104
108
149
104
104
105
205
173
127
105
191
105
126
104
110
132
104
105
165
108
217
105
107
106
108
171
105
174
104
105
108
121
109
128
131
133
147
149
179
210
244
105
255
105
122
120
125
106
114
153
106
108
102
105
104
167
105
175
180
121
156
122
104
154
132
149
165
106
126
104
105
105
111
161
106
116
106
106
107
106
105
106
105
106
108
102
147
107
119
106
105
207
196
106
105
104
105
116
106
105
118
150
153
113
107
105
144
105
107
130
104
115
109
104
105
127
133
134
105
157
159
248
105
107
107
201
106
144
184
199
145
106
107
155
105
106
105
106
112
113
108
134
106
129
104
106
145
132
106
141
105
104
107
109
106
128
154
104
113
109
135
104
169
106
106
187
185
117
177
108
159
135
124
196
158
106
107
209
107
107
106
109
105
125
133
131
108
115
189
210
105
108
106
105
108
124
105
105
128
121
105
169
105
106
106
106
104
124
129
105
104
112
112
106
180
107
123
104
127
340
107
122
140
159
105
175
124
207
138
105
105
107
104
104
171
106
105
106
106
186
111
104
104
123
106
185
106
104
106
144
105
198
104
106
129