
200
198
198
197
200
200
200
225
222
223
222
199
199
200
205
201
200
201
200
201
201
200
209
201
202
202
210
199
199
199
200
201
200
200
201
210
200
211
201
211
200
210
210
210
197
200
200
202
201
200
200
201
210
210
201
201
209
201
201
200
202
210
206
200
206
201
201
205
210
201
206
204
199
203
208
200
207
199
198
210
201
200
210
201
210
210
210
201
200
200
211
201
200
199
200
210
210
201
202
201
201
201
200
210
196
206
210
205
224
223
200
201
202
201
200
200
202
200
210
210
211
213
196
210
208
215
209
208
211
200
200
200
200
201
211
200
210
206
202
201
198
211
199
202
210
200
201
201
200
206
199
212
199
199
208
201
209
201
200
211
210
210
201
200
201
200
201
211
204
204
212
206
204
212
203
202
197
212
210
202
201
204
200
200
195
201
200
200
200
202
202
210
200
201
210
209
210
200
210
200
201
201
200
200
199
199
199
203
203
204
202
200
208
200
198
198
209
210
204
207
208
210
201
212
200
202
211
200
201
210
198
199
210
201
202
209
203
210
201
211
201
201
210
199
210
201
200
203
204
200
200
201
196
207
209
202
202
200
198
210
211
202
199
200
200
200
210
200
210
201
200
211
200
207
201
200
201
202
200
200
198
199
200
210
205
200
201
201
199
201
199
200
207
200
194
199
199
200
205
202
205
211
210
201
201
200
200
210
209
210
201
200
201
201
200
200
211
199
201
199
201
210
201
200
200
201
200
202
200
205
198
203
204
205
201
204
203
207
208
204
202
200
202
199
201
202
210
200
200
215
200
200
201
200
211
200
200
201
201
199
204
199
210
200
201
210
200
199
200
196
200
198
211
198
204
204
201
202
210
200
201
200
200
200
201
198
200
199
201
201
201
200
211
201
211
200
215
209
200
206
206
203
200
206
204
200
200
195
200
200
199
199
200
200
200
201
200
201
201
210
200
201
200
201
201
200
200
200
200
199
200
200
206
200
207
200
207
210
195
200
199
201
201
201
201
200
200
200
201
210
200
200
202
200
200
201
200
210
209
199
201
200
202
201
199