
202
203
210
200
200
201
200
200
200
206
205
199
200
199
201
211
200
200
200
202
209
200
201
199
200
209
202
200
200
211
203
200
203
199
201
201
201
201
200
199
200
200
200
204
203
200
201
201
201
198
200
201
199
199
200
200
200
200
199
199
200
200
200
210
210
201
201
211
210
203
210
207
201
209
210
199
200
206
198
210
201
201
202
200
199
201
201
202
201
201
200
200
200
201
202
201
202
213
206
199
200
199
200
201
199
201
209
201
202
197
200
200
202
201
200
200
210
210
211
201
201
208
209
201
210
210
209
201
200
200
201
200
202
200
210
201
202
206
203
199
201
200
200
199
210
210
200
204
208
206
205
200
201
203
211
201
211
209
200
206
201
211
200
213
212
200
203
210
201
210
210
212
212
211
201
201
210
201
210
198
200
201
201
198
200
200
200
201
205
201
201
204
200
210
199
204
200
208
201
200
210
200
200
200
201
201
201
200
200
201
200
201
200
200
200
201
200
210
200
211
209
209
201
211
197
200
194
204
204
210
200
206
209
209
200
209
209
210
210
199
200
210
202
203
210
201
201
201
200
212
199
200
200
200
200
210
211
201
203
201
203
209
200
199
201
200
201
201
199
199
200
200
200
201
210
201
200
200
203
210
212
200
200
201
201
200
200
200
200
209
210
203
211
202
210
200
200
210
204
207
196
200
202
211
197
198
201
195
200
199
201
200
199
199
200
201
200
196
199
199
198
200
198
201
200
200
204
200
199
200
210
210
201
201
201
199
210
204
200
200
200
210
210
199
200
201
201
210
200
201
201
210
201
201
202
201
201
201
200
200
210
211
201
197
200
201
200
200
200
205
198
199
200
198
201
199
202
199
200
200
201
201
200
199
201
201
199
200
200
201
201
211
199
200
200
202
201
200
199
200
200
205
201
198
210
202
212
200
210
202
199
199
200
206
204
203
200
200
201
199
197
210
200
201
209
205
209
210
201
211
201
200
200
201
203
201
200
209
200
198
209
199
210
200
210
202
201
205
206
204
199
200
201
200