
102
151
103
113
110
206
130
105
107
107
106
137
132
161
137
144
104
146
132
144
161
180
113
109
141
106
132
105
161
107
105
144
105
155
108
105
105
204
147
106
104
114
173
104
174
105
104
103
163
185
138
135
137
105
136
135
108
115
108
156
106
187
182
108
108
109
105
107
135
135
126
151
243
105
104
106
112
107
111
105
107
105
105
106
104
104
107
106
105
152
150
126
113
104
105
106
128
169
149
120
129
111
165
107
105
137
105
103
105
109
110
106
170
142
107
105
104
104
200
105
105
106
184
184
109
183
132
108
122
107
105
135
104
200
149
106
103
105
104
169
105
107
105
104
142
106
118
107
116
121
129
115
107
106
120
107
142
105
105
136
104
106
107
211
131
162
106
106
106
104
112
127
104
105
104
195
104
111
117
181
105
146
114
105
204
107
105
105
105
104
155
114
105
105
106
107
129
123
132
126
122
108
106
152
105
106
156
198
104
124
130
149
106
156
109
207
115
158
165
105
112
104
155
106
113
106
113
127
131
137
139
125
105
120
229
190
133
105
108
105
163
104
106
169
139
105
133
180
103
191
103
124
106
104
104
150
153
111
104
160
104
153
104
106
203
138
105
157
105
106
105
113
105
107
104
154
179
116
170
122
153
106
108
116
106
105
108
144
105
131
105
104
211
123
108
147
105
181
109
104
107
111
104
105
138
159
136
106
104
104
125
105
105
115
148
105
177
179
108
104
105
106
106
143
106
174
103
215
107
107
107
105
120
125
137
134
106
133
105
104
174
105
105
104
104
104
183
107
144
103
101
195
105
105
140
106
103
166
107
106
211
110
106
125
105
104
143
104
143
178
106
105
105
112
180
204
104
191
125
105
106
105
106
105
104
106
105
123
106
107
106
106
105
105
105
108
184
106
152
216
105
111
106
112
165
114
105
104
104
178
180
105
113
137
125
106
129
113
105
125
149
145
149
277
349
256
133
244
133
138
146
162
107
107
195
105
109
106
215
106
134
137
108
105
105
106
191
157
105
105
143
162
107
169
152
130
107
106
164
124
106
234
106
109
110
106
106
183
152
104