
205
209
199
199
199
208
200
200
204
201
211
200
200
200
210
201
200
200
201
201
199
211
202
200
201
209
211
200
200
201
199
200
200
201
201
200
200
201
200
201
200
201
202
199
201
201
200
198
202
201
201
199
200
210
200
201
200
200
200
200
201
200
201
199
200
201
203
201
201
210
210
211
210
200
201
199
202
200
200
212
199
210
200
211
200
195
207
210
211
200
198
201
200
204
201
203
210
209
200
201
200
200
210
201
201
201
201
201
199
200
211
201
199
201
201
211
201
199
211
199
200
201
200
200
201
200
200
199
199
200
211
201
200
199
200
201
201
202
200
199
201
200
199
200
201
200
200
201
201
202
200
210
211
203
201
211
200
210
200
210
201
206
210
200
200
200
200
200
211
201
200
201
210
200
200
210
200
194
199
200
200
211
210
201
210
200
209
211
199
201
200
200
200
200
200
202
201
209
202
201
201
200
200
200
200
201
200
200
201
199
211
201
201
200
201
200
200
199
211
201
201
210
201
200
201
201
211
201
210
201
211
200
202
201