
105
105
105
344
344
344
344
103
104
180
139
104
110
105
106
172
106
106
104
106
205
104
240
124
143
195
212
176
225
236
106
163
106
105
229
187
108
111
108
104
153
108
104
104
110
158
106
112
173
142
214
104
112
105
104
105
124
158
364
168
105
236
106
106
107
111
105
105
110
105
149
106
143
107
105
105
105
111
105
105
110
106
106
104
106
109
106
104
133
184
147
107
111
106
105
147
105
144
159
172
125
325
302
326
105
105
141
177
117
162
184
104
106
105
104
107
105
201
106
204
105
107
217
105
190
129
148
206
105
106
105
105
105
103
104
149
210
219
203
151
104
126
105
104
104
105
106
104
104
107
205
179
178
105
106
110
187
106
105
105
185
160
106
116
105
105
105
104
196
198
106
144
105
104
105
169
147
107
105
104
217
152
212
106
106
105
254
105
105
146
166
104
126
141
114
145
180
111
104
208
134
158
104
104
105
119
105
114
182
105
174
153
117
106
107
105
133
120
111
104
166
105
104
105
145
104
148
122
127
202
232
104
106
105
104
105
105
105
104
104
118
179
105
169
106
124